function [pic,etac] = comp_mapkg_11_1(mcwant, Ncwant)

allmc = [
   35.5831
   35.5821
   35.5791
   35.5767
   35.5742
   35.3343
   35.3318
   35.3313
   35.3268
   35.3224
   35.0830
   35.0785
   35.0731
   34.8322
   34.7100
   34.7075
   34.4661
   34.4631
   34.4597
   34.2198
   34.0981
   33.8567
   33.4975
   33.4950
   33.1373
   33.0176
   32.7786
   32.6579
   32.1825
   49.4161
   49.4125
   49.4102
   49.2882
   49.2846
   49.2796
   49.1571
   49.1549
   49.1508
   49.1481
   49.0269
   49.0233
   48.7829
   48.7806
   48.7738
   48.5307
   48.2899
   48.2890
   48.1647
   48.1624
   48.1601
   47.8013
   47.7982
   47.5578
   47.3183
   47.0792
   46.9577
   46.7186
   46.4778
   46.4741
   46.3526
   45.9942
   45.8736
   45.7525
   45.2775
   45.1553
   44.9168
   63.1346
   63.1318
   63.1296
   63.1273
   62.8874
   63.0008
   62.7599
   62.9935
   62.7540
   63.1046
   62.9844
   62.7454
   62.7422
   62.7390
   62.8547
   62.7368
   62.7322
   62.4941
   62.4909
   62.4877
   62.4850
   62.4814
   62.2414
   62.3571
   62.3544
   62.1149
   62.1113
   62.1081
   61.6314
   61.6241
   61.2662
   61.0240
   61.0199
   60.7809
   60.6602
   60.4185
   60.4144
   60.1731
   60.0510
   59.5730
   59.3316
   58.9751
   58.7338
   58.6127
   58.2544
   57.8965
   57.7727
   57.1780
   76.9664
   76.9632
   76.9596
   76.7206
   76.5981
   76.7124
   76.4738
   76.4702
   76.4679
   76.4665
   76.4615
   76.4606
   76.4579
   76.3373
   76.3336
   76.3318
   76.2098
   76.2071
   76.2012
   76.1967
   76.1944
   76.0737
   76.0719
   75.9494
   75.9449
   75.8229
   75.7013
   75.6977
   75.5766
   75.1008
   74.9774
   74.8549
   74.8522
   74.7306
   74.7247
   74.4834
   74.1246
   74.1192
   73.6407
   73.5186
   73.5155
   73.2755
   72.9163
   72.6750
   72.4359
   72.3144
   72.1928
   71.8349
   71.4770
   71.2357
   71.1123
   70.7563
   70.5154
   70.1575
   69.6803
   69.5588
   68.9659
   90.8037
   90.8019
   90.7996
   90.7960
   90.7932
   90.7905
   90.7892
   90.5497
   90.5474
   90.5447
   90.5433
   90.5415
   90.5415
   90.5392
   90.5374
   90.5351
   90.2970
   90.2934
   90.2893
   90.1673
   90.0453
   90.2775
   90.2748
   90.1523
   90.0308
   90.0285
   90.0262
   90.0221
   89.9019
   89.8988
   89.7781
   89.7758
   89.7740
   89.7718
   89.7713
   89.6502
   89.6493
   89.6479
   89.5259
   89.4039
   89.1648
   89.2792
   89.0406
   89.0392
   89.0369
   88.7952
   88.7920
   88.7897
   88.6704
   88.5475
   88.1901
   87.9506
   87.8299
   87.8254
   87.8218
   87.6979
   87.4589
   86.9826
   86.9772
   86.9763
   86.6202
   86.6179
   86.6161
   86.2600
   86.3743
   86.3707
   86.0124
   85.6527
   85.6509
   85.2925
   84.8144
   84.6906
   84.2153
   83.9726
   83.6142
   83.6115
   83.1352
   82.5406
   82.2997
   81.9418
   81.7019];


allpic = [
    0.9204
    1.0212
    1.3237
    1.5758
    1.8279
    2.1804
    2.4325
    2.4829
    2.9367
    3.3904
    3.6925
    4.1463
    4.7009
    5.1542
    5.5573
    5.8094
    6.3132
    6.6157
    6.9686
    7.3211
    7.6738
    8.1776
    8.6307
    8.8828
    9.1847
    9.3357
    9.5874
    9.8393
   10.0905
    1.0963
    1.4492
    1.7013
    2.1044
    2.4573
    2.9615
    3.4150
    3.6167
    4.0705
    4.3226
    4.6249
    4.9778
    5.3807
    5.6328
    6.3386
    6.9936
    7.4470
    7.5478
    8.1526
    8.4047
    8.6064
    9.0091
    9.3620
    9.7650
   10.0670
   10.3187
   10.6714
   10.9231
   11.3764
   11.7293
   12.0821
   12.4343
   12.6862
   12.9885
   13.1894
   13.5925
   13.7937
    0.9190
    1.1711
    1.4232
    1.6248
    1.9773
    2.4817
    2.9351
    3.2380
    3.5401
    3.9440
    4.1455
    4.4476
    4.7501
    5.0526
    5.3553
    5.3047
    5.7584
    5.9597
    6.2622
    6.5647
    6.8672
    7.2201
    7.5726
    7.8754
    8.1274
    8.4295
    8.8329
    9.1354
    9.5379
   10.2437
   10.5960
   11.1502
   11.6040
   11.8556
   12.1075
   12.6113
   13.0650
   13.5184
   13.9215
   14.4248
   14.9286
   15.1296
   15.6334
   15.8853
   16.2880
   16.5898
   17.1442
   17.4961
    1.1957
    1.5486
    1.9015
    2.1532
    2.6067
    3.0103
    3.2115
    3.5645
    3.8165
    3.9678
    4.4720
    4.5728
    4.8249
    5.0768
    5.4297
    5.6314
    6.0345
    6.2866
    6.8916
    7.3454
    7.5975
    7.8493
    8.0510
    8.4541
    8.9079
    9.3110
    9.6637
   10.0167
   10.3190
   10.6206
   11.1246
   11.5781
   11.8302
   12.1829
   12.7880
   13.2917
   13.6944
   14.2490
   14.8028
   15.2059
   15.5084
   15.8609
   16.3140
   16.8178
   17.0695
   17.4222
   17.7749
   18.0768
   18.4291
   18.8824
   19.4368
   19.5874
   19.9903
   20.3426
   20.7451
   21.0978
   21.2480
    0.9682
    1.1194
    1.3715
    1.7245
    2.0270
    2.2790
    2.4303
    2.7324
    2.9845
    3.2366
    3.3878
    3.5895
    3.5895
    3.7912
    3.9928
    4.2449
    4.3957
    4.7487
    5.2024
    5.5552
    5.9583
    6.4125
    6.6646
    7.1181
    7.4204
    7.6725
    7.9246
    8.3279
    8.5294
    8.8319
    9.0838
    9.3358
    9.4871
    9.7392
    9.7896
   10.0919
   10.1927
   10.2936
   10.6967
   11.0998
   11.3515
   11.7551
   11.9563
   12.1076
   12.3092
   12.8634
   13.2163
   13.4180
   13.5186
   14.0226
   14.2740
   14.5761
   14.8280
   15.2818
   15.6851
   16.2395
   16.4912
   16.8432
   17.3978
   17.4987
   17.6493
   17.8510
   18.0526
   18.2033
   18.6068
   18.9597
   19.3120
   19.8156
   20.0172
   20.3695
   20.9233
   21.4777
   21.7289
   22.3335
   22.7362
   22.9883
   23.3404
   23.6923
   24.1456
   24.4475
   24.8000];


